2022/03/12-12:18:54.345903 10ec99600 RocksDB version: 6.12.7
2022/03/12-12:18:54.346664 10ec99600 Git sha rocksdb_build_git_sha:@0@
2022/03/12-12:18:54.346670 10ec99600 Compile date Jul 27 2021
2022/03/12-12:18:54.346698 10ec99600 DB SUMMARY
2022/03/12-12:18:54.346701 10ec99600 DB Session ID:  OU37EC55WIWVLPS4LD1B
2022/03/12-12:18:54.346772 10ec99600 SST files in /Users/mathiaslorenceau/Coding/icp/bootcamp/core-project/.dfx/state/replicated_state/node-100/ic_consensus_pool/consensus dir, Total Num: 0, files: 
2022/03/12-12:18:54.346775 10ec99600 Write Ahead Log file in /Users/mathiaslorenceau/Coding/icp/bootcamp/core-project/.dfx/state/replicated_state/node-100/ic_consensus_pool/consensus: 
2022/03/12-12:18:54.346777 10ec99600                         Options.error_if_exists: 0
2022/03/12-12:18:54.346779 10ec99600                       Options.create_if_missing: 1
2022/03/12-12:18:54.346780 10ec99600                         Options.paranoid_checks: 1
2022/03/12-12:18:54.346781 10ec99600                                     Options.env: 0x107201ef8
2022/03/12-12:18:54.346785 10ec99600                                      Options.fs: Posix File System
2022/03/12-12:18:54.346786 10ec99600                                Options.info_log: 0x60000001e6c0
2022/03/12-12:18:54.346788 10ec99600                Options.max_file_opening_threads: 16
2022/03/12-12:18:54.346789 10ec99600                              Options.statistics: 0x0
2022/03/12-12:18:54.346790 10ec99600                               Options.use_fsync: 1
2022/03/12-12:18:54.346791 10ec99600                       Options.max_log_file_size: 0
2022/03/12-12:18:54.346793 10ec99600                  Options.max_manifest_file_size: 1073741824
2022/03/12-12:18:54.346794 10ec99600                   Options.log_file_time_to_roll: 0
2022/03/12-12:18:54.346795 10ec99600                       Options.keep_log_file_num: 1000
2022/03/12-12:18:54.346796 10ec99600                    Options.recycle_log_file_num: 0
2022/03/12-12:18:54.346797 10ec99600                         Options.allow_fallocate: 1
2022/03/12-12:18:54.346799 10ec99600                        Options.allow_mmap_reads: 0
2022/03/12-12:18:54.346800 10ec99600                       Options.allow_mmap_writes: 0
2022/03/12-12:18:54.346801 10ec99600                        Options.use_direct_reads: 0
2022/03/12-12:18:54.346802 10ec99600                        Options.use_direct_io_for_flush_and_compaction: 0
2022/03/12-12:18:54.346803 10ec99600          Options.create_missing_column_families: 1
2022/03/12-12:18:54.346805 10ec99600                              Options.db_log_dir: 
2022/03/12-12:18:54.346806 10ec99600                                 Options.wal_dir: /Users/mathiaslorenceau/Coding/icp/bootcamp/core-project/.dfx/state/replicated_state/node-100/ic_consensus_pool/consensus
2022/03/12-12:18:54.346807 10ec99600                Options.table_cache_numshardbits: 6
2022/03/12-12:18:54.346808 10ec99600                         Options.WAL_ttl_seconds: 0
2022/03/12-12:18:54.346809 10ec99600                       Options.WAL_size_limit_MB: 0
2022/03/12-12:18:54.346811 10ec99600                        Options.max_write_batch_group_size_bytes: 1048576
2022/03/12-12:18:54.346812 10ec99600             Options.manifest_preallocation_size: 4194304
2022/03/12-12:18:54.346813 10ec99600                     Options.is_fd_close_on_exec: 1
2022/03/12-12:18:54.346814 10ec99600                   Options.advise_random_on_open: 1
2022/03/12-12:18:54.346816 10ec99600                    Options.db_write_buffer_size: 0
2022/03/12-12:18:54.346817 10ec99600                    Options.write_buffer_manager: 0x600002d093e0
2022/03/12-12:18:54.346818 10ec99600         Options.access_hint_on_compaction_start: 1
2022/03/12-12:18:54.346819 10ec99600  Options.new_table_reader_for_compaction_inputs: 0
2022/03/12-12:18:54.346820 10ec99600           Options.random_access_max_buffer_size: 1048576
2022/03/12-12:18:54.346821 10ec99600                      Options.use_adaptive_mutex: 0
2022/03/12-12:18:54.346823 10ec99600                            Options.rate_limiter: 0x0
2022/03/12-12:18:54.346824 10ec99600     Options.sst_file_manager.rate_bytes_per_sec: 0
2022/03/12-12:18:54.346855 10ec99600                       Options.wal_recovery_mode: 2
2022/03/12-12:18:54.346857 10ec99600                  Options.enable_thread_tracking: 0
2022/03/12-12:18:54.346858 10ec99600                  Options.enable_pipelined_write: 0
2022/03/12-12:18:54.346860 10ec99600                  Options.unordered_write: 0
2022/03/12-12:18:54.346861 10ec99600         Options.allow_concurrent_memtable_write: 1
2022/03/12-12:18:54.346862 10ec99600      Options.enable_write_thread_adaptive_yield: 1
2022/03/12-12:18:54.346863 10ec99600             Options.write_thread_max_yield_usec: 100
2022/03/12-12:18:54.346864 10ec99600            Options.write_thread_slow_yield_usec: 3
2022/03/12-12:18:54.346866 10ec99600                               Options.row_cache: None
2022/03/12-12:18:54.346867 10ec99600                              Options.wal_filter: None
2022/03/12-12:18:54.346870 10ec99600             Options.avoid_flush_during_recovery: 0
2022/03/12-12:18:54.346872 10ec99600             Options.allow_ingest_behind: 0
2022/03/12-12:18:54.346873 10ec99600             Options.preserve_deletes: 0
2022/03/12-12:18:54.346874 10ec99600             Options.two_write_queues: 0
2022/03/12-12:18:54.346875 10ec99600             Options.manual_wal_flush: 0
2022/03/12-12:18:54.346876 10ec99600             Options.atomic_flush: 0
2022/03/12-12:18:54.346877 10ec99600             Options.avoid_unnecessary_blocking_io: 0
2022/03/12-12:18:54.346879 10ec99600                 Options.persist_stats_to_disk: 0
2022/03/12-12:18:54.346880 10ec99600                 Options.write_dbid_to_manifest: 0
2022/03/12-12:18:54.346881 10ec99600                 Options.log_readahead_size: 0
2022/03/12-12:18:54.346882 10ec99600                 Options.file_checksum_gen_factory: Unknown
2022/03/12-12:18:54.346886 10ec99600                 Options.best_efforts_recovery: 0
2022/03/12-12:18:54.346887 10ec99600                Options.max_bgerror_resume_count: 2147483647
2022/03/12-12:18:54.346888 10ec99600            Options.bgerror_resume_retry_interval: 1000000
2022/03/12-12:18:54.346889 10ec99600             Options.max_background_jobs: 2
2022/03/12-12:18:54.346891 10ec99600             Options.max_background_compactions: -1
2022/03/12-12:18:54.346892 10ec99600             Options.max_subcompactions: 1
2022/03/12-12:18:54.346893 10ec99600             Options.avoid_flush_during_shutdown: 0
2022/03/12-12:18:54.346894 10ec99600           Options.writable_file_max_buffer_size: 1048576
2022/03/12-12:18:54.346895 10ec99600             Options.delayed_write_rate : 16777216
2022/03/12-12:18:54.346897 10ec99600             Options.max_total_wal_size: 0
2022/03/12-12:18:54.346898 10ec99600             Options.delete_obsolete_files_period_micros: 21600000000
2022/03/12-12:18:54.346899 10ec99600                   Options.stats_dump_period_sec: 600
2022/03/12-12:18:54.346900 10ec99600                 Options.stats_persist_period_sec: 600
2022/03/12-12:18:54.346902 10ec99600                 Options.stats_history_buffer_size: 1048576
2022/03/12-12:18:54.346903 10ec99600                          Options.max_open_files: -1
2022/03/12-12:18:54.346904 10ec99600                          Options.bytes_per_sync: 0
2022/03/12-12:18:54.346905 10ec99600                      Options.wal_bytes_per_sync: 0
2022/03/12-12:18:54.346906 10ec99600                   Options.strict_bytes_per_sync: 0
2022/03/12-12:18:54.346908 10ec99600       Options.compaction_readahead_size: 0
2022/03/12-12:18:54.346909 10ec99600                  Options.max_background_flushes: -1
2022/03/12-12:18:54.346910 10ec99600 Compression algorithms supported:
2022/03/12-12:18:54.346914 10ec99600 	kZSTD supported: 1
2022/03/12-12:18:54.346916 10ec99600 	kZlibCompression supported: 1
2022/03/12-12:18:54.346917 10ec99600 	kXpressCompression supported: 0
2022/03/12-12:18:54.346918 10ec99600 	kSnappyCompression supported: 1
2022/03/12-12:18:54.346920 10ec99600 	kZSTDNotFinalCompression supported: 1
2022/03/12-12:18:54.346921 10ec99600 	kLZ4HCCompression supported: 1
2022/03/12-12:18:54.346941 10ec99600 	kLZ4Compression supported: 1
2022/03/12-12:18:54.346943 10ec99600 	kBZip2Compression supported: 1
2022/03/12-12:18:54.346945 10ec99600 Fast CRC32 supported: Supported on x86
2022/03/12-12:18:54.347633 10ec99600 [db/db_impl/db_impl_open.cc:271] Creating manifest 1 
2022/03/12-12:18:54.348479 10ec99600 [db/version_set.cc:4560] Recovering from manifest file: /Users/mathiaslorenceau/Coding/icp/bootcamp/core-project/.dfx/state/replicated_state/node-100/ic_consensus_pool/consensus/MANIFEST-000001
2022/03/12-12:18:54.348549 10ec99600 [db/column_family.cc:580] --------------- Options for column family [default]:
2022/03/12-12:18:54.348554 10ec99600               Options.comparator: leveldb.BytewiseComparator
2022/03/12-12:18:54.348556 10ec99600           Options.merge_operator: None
2022/03/12-12:18:54.348557 10ec99600        Options.compaction_filter: None
2022/03/12-12:18:54.348558 10ec99600        Options.compaction_filter_factory: None
2022/03/12-12:18:54.348560 10ec99600  Options.sst_partitioner_factory: None
2022/03/12-12:18:54.348561 10ec99600         Options.memtable_factory: SkipListFactory
2022/03/12-12:18:54.348562 10ec99600            Options.table_factory: BlockBasedTable
2022/03/12-12:18:54.348588 10ec99600            table_factory options:   flush_block_policy_factory: FlushBlockBySizePolicyFactory (0x600002103750)
  cache_index_and_filter_blocks: 0
  cache_index_and_filter_blocks_with_high_priority: 1
  pin_l0_filter_and_index_blocks_in_cache: 0
  pin_top_level_index_and_filter: 1
  index_type: 0
  data_block_index_type: 0
  index_shortening: 1
  data_block_hash_table_util_ratio: 0.750000
  hash_index_allow_collision: 1
  checksum: 1
  no_block_cache: 0
  block_cache: 0x60000121b5d8
  block_cache_name: LRUCache
  block_cache_options:
    capacity : 8388608
    num_shard_bits : 4
    strict_capacity_limit : 0
    memory_allocator : None
    high_pri_pool_ratio: 0.000
  block_cache_compressed: 0x0
  persistent_cache: 0x0
  block_size: 4096
  block_size_deviation: 10
  block_restart_interval: 16
  index_block_restart_interval: 1
  metadata_block_size: 4096
  partition_filters: 0
  use_delta_encoding: 1
  filter_policy: nullptr
  whole_key_filtering: 1
  verify_compression: 0
  read_amp_bytes_per_bit: 0
  format_version: 4
  enable_index_compression: 1
  block_align: 0
2022/03/12-12:18:54.348591 10ec99600        Options.write_buffer_size: 67108864
2022/03/12-12:18:54.348593 10ec99600  Options.max_write_buffer_number: 2
2022/03/12-12:18:54.348596 10ec99600          Options.compression: Snappy
2022/03/12-12:18:54.348598 10ec99600                  Options.bottommost_compression: Disabled
2022/03/12-12:18:54.348599 10ec99600       Options.prefix_extractor: nullptr
2022/03/12-12:18:54.348600 10ec99600   Options.memtable_insert_with_hint_prefix_extractor: nullptr
2022/03/12-12:18:54.348601 10ec99600             Options.num_levels: 7
2022/03/12-12:18:54.348603 10ec99600        Options.min_write_buffer_number_to_merge: 1
2022/03/12-12:18:54.348604 10ec99600     Options.max_write_buffer_number_to_maintain: 0
2022/03/12-12:18:54.348605 10ec99600     Options.max_write_buffer_size_to_maintain: 0
2022/03/12-12:18:54.348606 10ec99600            Options.bottommost_compression_opts.window_bits: -14
2022/03/12-12:18:54.348608 10ec99600                  Options.bottommost_compression_opts.level: 32767
2022/03/12-12:18:54.348609 10ec99600               Options.bottommost_compression_opts.strategy: 0
2022/03/12-12:18:54.348610 10ec99600         Options.bottommost_compression_opts.max_dict_bytes: 0
2022/03/12-12:18:54.348611 10ec99600         Options.bottommost_compression_opts.zstd_max_train_bytes: 0
2022/03/12-12:18:54.348613 10ec99600         Options.bottommost_compression_opts.parallel_threads: 1
2022/03/12-12:18:54.348614 10ec99600                  Options.bottommost_compression_opts.enabled: false
2022/03/12-12:18:54.348615 10ec99600            Options.compression_opts.window_bits: -14
2022/03/12-12:18:54.348616 10ec99600                  Options.compression_opts.level: 32767
2022/03/12-12:18:54.348618 10ec99600               Options.compression_opts.strategy: 0
2022/03/12-12:18:54.348644 10ec99600         Options.compression_opts.max_dict_bytes: 0
2022/03/12-12:18:54.348646 10ec99600         Options.compression_opts.zstd_max_train_bytes: 0
2022/03/12-12:18:54.348647 10ec99600         Options.compression_opts.parallel_threads: 1
2022/03/12-12:18:54.348649 10ec99600                  Options.compression_opts.enabled: false
2022/03/12-12:18:54.348650 10ec99600      Options.level0_file_num_compaction_trigger: 4
2022/03/12-12:18:54.348651 10ec99600          Options.level0_slowdown_writes_trigger: 20
2022/03/12-12:18:54.348652 10ec99600              Options.level0_stop_writes_trigger: 36
2022/03/12-12:18:54.348653 10ec99600                   Options.target_file_size_base: 67108864
2022/03/12-12:18:54.348655 10ec99600             Options.target_file_size_multiplier: 1
2022/03/12-12:18:54.348656 10ec99600                Options.max_bytes_for_level_base: 268435456
2022/03/12-12:18:54.348657 10ec99600 Options.level_compaction_dynamic_level_bytes: 0
2022/03/12-12:18:54.348658 10ec99600          Options.max_bytes_for_level_multiplier: 10.000000
2022/03/12-12:18:54.348660 10ec99600 Options.max_bytes_for_level_multiplier_addtl[0]: 1
2022/03/12-12:18:54.348661 10ec99600 Options.max_bytes_for_level_multiplier_addtl[1]: 1
2022/03/12-12:18:54.348663 10ec99600 Options.max_bytes_for_level_multiplier_addtl[2]: 1
2022/03/12-12:18:54.348664 10ec99600 Options.max_bytes_for_level_multiplier_addtl[3]: 1
2022/03/12-12:18:54.348665 10ec99600 Options.max_bytes_for_level_multiplier_addtl[4]: 1
2022/03/12-12:18:54.348666 10ec99600 Options.max_bytes_for_level_multiplier_addtl[5]: 1
2022/03/12-12:18:54.348668 10ec99600 Options.max_bytes_for_level_multiplier_addtl[6]: 1
2022/03/12-12:18:54.348669 10ec99600       Options.max_sequential_skip_in_iterations: 8
2022/03/12-12:18:54.348670 10ec99600                    Options.max_compaction_bytes: 1677721600
2022/03/12-12:18:54.348671 10ec99600                        Options.arena_block_size: 8388608
2022/03/12-12:18:54.348672 10ec99600   Options.soft_pending_compaction_bytes_limit: 68719476736
2022/03/12-12:18:54.348674 10ec99600   Options.hard_pending_compaction_bytes_limit: 274877906944
2022/03/12-12:18:54.348675 10ec99600       Options.rate_limit_delay_max_milliseconds: 100
2022/03/12-12:18:54.348676 10ec99600                Options.disable_auto_compactions: 0
2022/03/12-12:18:54.348678 10ec99600                        Options.compaction_style: kCompactionStyleLevel
2022/03/12-12:18:54.348679 10ec99600                          Options.compaction_pri: kMinOverlappingRatio
2022/03/12-12:18:54.348680 10ec99600 Options.compaction_options_universal.size_ratio: 1
2022/03/12-12:18:54.348681 10ec99600 Options.compaction_options_universal.min_merge_width: 2
2022/03/12-12:18:54.348683 10ec99600 Options.compaction_options_universal.max_merge_width: 4294967295
2022/03/12-12:18:54.348684 10ec99600 Options.compaction_options_universal.max_size_amplification_percent: 200
2022/03/12-12:18:54.348685 10ec99600 Options.compaction_options_universal.compression_size_percent: -1
2022/03/12-12:18:54.348687 10ec99600 Options.compaction_options_universal.stop_style: kCompactionStopStyleTotalSize
2022/03/12-12:18:54.348688 10ec99600 Options.compaction_options_fifo.max_table_files_size: 1073741824
2022/03/12-12:18:54.348689 10ec99600 Options.compaction_options_fifo.allow_compaction: 0
2022/03/12-12:18:54.348692 10ec99600                   Options.table_properties_collectors: 
2022/03/12-12:18:54.348693 10ec99600                   Options.inplace_update_support: 0
2022/03/12-12:18:54.348694 10ec99600                 Options.inplace_update_num_locks: 10000
2022/03/12-12:18:54.348695 10ec99600               Options.memtable_prefix_bloom_size_ratio: 0.000000
2022/03/12-12:18:54.348697 10ec99600               Options.memtable_whole_key_filtering: 0
2022/03/12-12:18:54.348698 10ec99600   Options.memtable_huge_page_size: 0
2022/03/12-12:18:54.348699 10ec99600                           Options.bloom_locality: 0
2022/03/12-12:18:54.348700 10ec99600                    Options.max_successive_merges: 0
2022/03/12-12:18:54.348719 10ec99600                Options.optimize_filters_for_hits: 0
2022/03/12-12:18:54.348720 10ec99600                Options.paranoid_file_checks: 0
2022/03/12-12:18:54.348722 10ec99600                Options.force_consistency_checks: 0
2022/03/12-12:18:54.348723 10ec99600                Options.report_bg_io_stats: 0
2022/03/12-12:18:54.348724 10ec99600                               Options.ttl: 2592000
2022/03/12-12:18:54.348725 10ec99600          Options.periodic_compaction_seconds: 0
2022/03/12-12:18:54.349207 10ec99600 [db/version_set.cc:4718] Recovered from manifest file:/Users/mathiaslorenceau/Coding/icp/bootcamp/core-project/.dfx/state/replicated_state/node-100/ic_consensus_pool/consensus/MANIFEST-000001 succeeded,manifest_file_number is 1, next_file_number is 3, last_sequence is 0, log_number is 0,prev_log_number is 0,max_column_family is 0,min_log_number_to_keep is 0
2022/03/12-12:18:54.349215 10ec99600 [db/version_set.cc:4727] Column family [default] (ID 0), log number is 0
2022/03/12-12:18:54.349533 10ec99600 [db/version_set.cc:3950] Creating manifest 4
2022/03/12-12:18:54.350431 10ec99600 [db/column_family.cc:580] --------------- Options for column family [RB]:
2022/03/12-12:18:54.350436 10ec99600               Options.comparator: leveldb.BytewiseComparator
2022/03/12-12:18:54.350438 10ec99600           Options.merge_operator: None
2022/03/12-12:18:54.350439 10ec99600        Options.compaction_filter: filter_outdated
2022/03/12-12:18:54.350441 10ec99600        Options.compaction_filter_factory: None
2022/03/12-12:18:54.350442 10ec99600  Options.sst_partitioner_factory: None
2022/03/12-12:18:54.350443 10ec99600         Options.memtable_factory: SkipListFactory
2022/03/12-12:18:54.350445 10ec99600            Options.table_factory: BlockBasedTable
2022/03/12-12:18:54.350470 10ec99600            table_factory options:   flush_block_policy_factory: FlushBlockBySizePolicyFactory (0x600002103380)
  cache_index_and_filter_blocks: 0
  cache_index_and_filter_blocks_with_high_priority: 1
  pin_l0_filter_and_index_blocks_in_cache: 0
  pin_top_level_index_and_filter: 1
  index_type: 0
  data_block_index_type: 0
  index_shortening: 1
  data_block_hash_table_util_ratio: 0.750000
  hash_index_allow_collision: 1
  checksum: 1
  no_block_cache: 0
  block_cache: 0x60000121ae58
  block_cache_name: LRUCache
  block_cache_options:
    capacity : 8388608
    num_shard_bits : 4
    strict_capacity_limit : 0
    memory_allocator : None
    high_pri_pool_ratio: 0.000
  block_cache_compressed: 0x0
  persistent_cache: 0x0
  block_size: 4096
  block_size_deviation: 10
  block_restart_interval: 16
  index_block_restart_interval: 1
  metadata_block_size: 4096
  partition_filters: 0
  use_delta_encoding: 1
  filter_policy: nullptr
  whole_key_filtering: 1
  verify_compression: 0
  read_amp_bytes_per_bit: 0
  format_version: 4
  enable_index_compression: 1
  block_align: 0
2022/03/12-12:18:54.350476 10ec99600        Options.write_buffer_size: 67108864
2022/03/12-12:18:54.350478 10ec99600  Options.max_write_buffer_number: 2
2022/03/12-12:18:54.350479 10ec99600          Options.compression: NoCompression
2022/03/12-12:18:54.350480 10ec99600                  Options.bottommost_compression: Disabled
2022/03/12-12:18:54.350482 10ec99600       Options.prefix_extractor: nullptr
2022/03/12-12:18:54.350483 10ec99600   Options.memtable_insert_with_hint_prefix_extractor: nullptr
2022/03/12-12:18:54.350484 10ec99600             Options.num_levels: 7
2022/03/12-12:18:54.350485 10ec99600        Options.min_write_buffer_number_to_merge: 1
2022/03/12-12:18:54.350487 10ec99600     Options.max_write_buffer_number_to_maintain: 0
2022/03/12-12:18:54.350488 10ec99600     Options.max_write_buffer_size_to_maintain: 0
2022/03/12-12:18:54.350489 10ec99600            Options.bottommost_compression_opts.window_bits: -14
2022/03/12-12:18:54.350490 10ec99600                  Options.bottommost_compression_opts.level: 32767
2022/03/12-12:18:54.350492 10ec99600               Options.bottommost_compression_opts.strategy: 0
2022/03/12-12:18:54.350493 10ec99600         Options.bottommost_compression_opts.max_dict_bytes: 0
2022/03/12-12:18:54.350494 10ec99600         Options.bottommost_compression_opts.zstd_max_train_bytes: 0
2022/03/12-12:18:54.350495 10ec99600         Options.bottommost_compression_opts.parallel_threads: 1
2022/03/12-12:18:54.350497 10ec99600                  Options.bottommost_compression_opts.enabled: false
2022/03/12-12:18:54.350498 10ec99600            Options.compression_opts.window_bits: -14
2022/03/12-12:18:54.350499 10ec99600                  Options.compression_opts.level: 32767
2022/03/12-12:18:54.350500 10ec99600               Options.compression_opts.strategy: 0
2022/03/12-12:18:54.350501 10ec99600         Options.compression_opts.max_dict_bytes: 0
2022/03/12-12:18:54.350503 10ec99600         Options.compression_opts.zstd_max_train_bytes: 0
2022/03/12-12:18:54.350504 10ec99600         Options.compression_opts.parallel_threads: 1
2022/03/12-12:18:54.350505 10ec99600                  Options.compression_opts.enabled: false
2022/03/12-12:18:54.350506 10ec99600      Options.level0_file_num_compaction_trigger: 4
2022/03/12-12:18:54.350530 10ec99600          Options.level0_slowdown_writes_trigger: 20
2022/03/12-12:18:54.350532 10ec99600              Options.level0_stop_writes_trigger: 36
2022/03/12-12:18:54.350533 10ec99600                   Options.target_file_size_base: 67108864
2022/03/12-12:18:54.350534 10ec99600             Options.target_file_size_multiplier: 1
2022/03/12-12:18:54.350535 10ec99600                Options.max_bytes_for_level_base: 268435456
2022/03/12-12:18:54.350537 10ec99600 Options.level_compaction_dynamic_level_bytes: 0
2022/03/12-12:18:54.350538 10ec99600          Options.max_bytes_for_level_multiplier: 10.000000
2022/03/12-12:18:54.350539 10ec99600 Options.max_bytes_for_level_multiplier_addtl[0]: 1
2022/03/12-12:18:54.350541 10ec99600 Options.max_bytes_for_level_multiplier_addtl[1]: 1
2022/03/12-12:18:54.350542 10ec99600 Options.max_bytes_for_level_multiplier_addtl[2]: 1
2022/03/12-12:18:54.350543 10ec99600 Options.max_bytes_for_level_multiplier_addtl[3]: 1
2022/03/12-12:18:54.350544 10ec99600 Options.max_bytes_for_level_multiplier_addtl[4]: 1
2022/03/12-12:18:54.350546 10ec99600 Options.max_bytes_for_level_multiplier_addtl[5]: 1
2022/03/12-12:18:54.350547 10ec99600 Options.max_bytes_for_level_multiplier_addtl[6]: 1
2022/03/12-12:18:54.350548 10ec99600       Options.max_sequential_skip_in_iterations: 8
2022/03/12-12:18:54.350549 10ec99600                    Options.max_compaction_bytes: 1677721600
2022/03/12-12:18:54.350551 10ec99600                        Options.arena_block_size: 8388608
2022/03/12-12:18:54.350552 10ec99600   Options.soft_pending_compaction_bytes_limit: 68719476736
2022/03/12-12:18:54.350553 10ec99600   Options.hard_pending_compaction_bytes_limit: 274877906944
2022/03/12-12:18:54.350554 10ec99600       Options.rate_limit_delay_max_milliseconds: 100
2022/03/12-12:18:54.350556 10ec99600                Options.disable_auto_compactions: 1
2022/03/12-12:18:54.350557 10ec99600                        Options.compaction_style: kCompactionStyleLevel
2022/03/12-12:18:54.350558 10ec99600                          Options.compaction_pri: kMinOverlappingRatio
2022/03/12-12:18:54.350559 10ec99600 Options.compaction_options_universal.size_ratio: 1
2022/03/12-12:18:54.350561 10ec99600 Options.compaction_options_universal.min_merge_width: 2
2022/03/12-12:18:54.350562 10ec99600 Options.compaction_options_universal.max_merge_width: 4294967295
2022/03/12-12:18:54.350563 10ec99600 Options.compaction_options_universal.max_size_amplification_percent: 200
2022/03/12-12:18:54.350564 10ec99600 Options.compaction_options_universal.compression_size_percent: -1
2022/03/12-12:18:54.350566 10ec99600 Options.compaction_options_universal.stop_style: kCompactionStopStyleTotalSize
2022/03/12-12:18:54.350567 10ec99600 Options.compaction_options_fifo.max_table_files_size: 1073741824
2022/03/12-12:18:54.350569 10ec99600 Options.compaction_options_fifo.allow_compaction: 0
2022/03/12-12:18:54.350570 10ec99600                   Options.table_properties_collectors: 
2022/03/12-12:18:54.350572 10ec99600                   Options.inplace_update_support: 0
2022/03/12-12:18:54.350573 10ec99600                 Options.inplace_update_num_locks: 10000
2022/03/12-12:18:54.350574 10ec99600               Options.memtable_prefix_bloom_size_ratio: 0.000000
2022/03/12-12:18:54.350576 10ec99600               Options.memtable_whole_key_filtering: 0
2022/03/12-12:18:54.350577 10ec99600   Options.memtable_huge_page_size: 0
2022/03/12-12:18:54.350578 10ec99600                           Options.bloom_locality: 0
2022/03/12-12:18:54.350579 10ec99600                    Options.max_successive_merges: 0
2022/03/12-12:18:54.350580 10ec99600                Options.optimize_filters_for_hits: 0
2022/03/12-12:18:54.350582 10ec99600                Options.paranoid_file_checks: 0
2022/03/12-12:18:54.350583 10ec99600                Options.force_consistency_checks: 0
2022/03/12-12:18:54.350584 10ec99600                Options.report_bg_io_stats: 0
2022/03/12-12:18:54.350585 10ec99600                               Options.ttl: 2592000
2022/03/12-12:18:54.350586 10ec99600          Options.periodic_compaction_seconds: 2592000
2022/03/12-12:18:54.350682 10ec99600 [db/db_impl/db_impl.cc:2563] Created column family [RB] (ID 1)
2022/03/12-12:18:54.352318 10ec99600 [db/column_family.cc:580] --------------- Options for column family [FZ]:
2022/03/12-12:18:54.352324 10ec99600               Options.comparator: leveldb.BytewiseComparator
2022/03/12-12:18:54.352326 10ec99600           Options.merge_operator: None
2022/03/12-12:18:54.352328 10ec99600        Options.compaction_filter: filter_outdated
2022/03/12-12:18:54.352329 10ec99600        Options.compaction_filter_factory: None
2022/03/12-12:18:54.352331 10ec99600  Options.sst_partitioner_factory: None
2022/03/12-12:18:54.352332 10ec99600         Options.memtable_factory: SkipListFactory
2022/03/12-12:18:54.352333 10ec99600            Options.table_factory: BlockBasedTable
2022/03/12-12:18:54.352357 10ec99600            table_factory options:   flush_block_policy_factory: FlushBlockBySizePolicyFactory (0x6000021033d0)
  cache_index_and_filter_blocks: 0
  cache_index_and_filter_blocks_with_high_priority: 1
  pin_l0_filter_and_index_blocks_in_cache: 0
  pin_top_level_index_and_filter: 1
  index_type: 0
  data_block_index_type: 0
  index_shortening: 1
  data_block_hash_table_util_ratio: 0.750000
  hash_index_allow_collision: 1
  checksum: 1
  no_block_cache: 0
  block_cache: 0x60000121aef8
  block_cache_name: LRUCache
  block_cache_options:
    capacity : 8388608
    num_shard_bits : 4
    strict_capacity_limit : 0
    memory_allocator : None
    high_pri_pool_ratio: 0.000
  block_cache_compressed: 0x0
  persistent_cache: 0x0
  block_size: 4096
  block_size_deviation: 10
  block_restart_interval: 16
  index_block_restart_interval: 1
  metadata_block_size: 4096
  partition_filters: 0
  use_delta_encoding: 1
  filter_policy: nullptr
  whole_key_filtering: 1
  verify_compression: 0
  read_amp_bytes_per_bit: 0
  format_version: 4
  enable_index_compression: 1
  block_align: 0
2022/03/12-12:18:54.352361 10ec99600        Options.write_buffer_size: 67108864
2022/03/12-12:18:54.352362 10ec99600  Options.max_write_buffer_number: 2
2022/03/12-12:18:54.352363 10ec99600          Options.compression: NoCompression
2022/03/12-12:18:54.352365 10ec99600                  Options.bottommost_compression: Disabled
2022/03/12-12:18:54.352366 10ec99600       Options.prefix_extractor: nullptr
2022/03/12-12:18:54.352367 10ec99600   Options.memtable_insert_with_hint_prefix_extractor: nullptr
2022/03/12-12:18:54.352368 10ec99600             Options.num_levels: 7
2022/03/12-12:18:54.352370 10ec99600        Options.min_write_buffer_number_to_merge: 1
2022/03/12-12:18:54.352371 10ec99600     Options.max_write_buffer_number_to_maintain: 0
2022/03/12-12:18:54.352372 10ec99600     Options.max_write_buffer_size_to_maintain: 0
2022/03/12-12:18:54.352373 10ec99600            Options.bottommost_compression_opts.window_bits: -14
2022/03/12-12:18:54.352375 10ec99600                  Options.bottommost_compression_opts.level: 32767
2022/03/12-12:18:54.352376 10ec99600               Options.bottommost_compression_opts.strategy: 0
2022/03/12-12:18:54.352377 10ec99600         Options.bottommost_compression_opts.max_dict_bytes: 0
2022/03/12-12:18:54.352378 10ec99600         Options.bottommost_compression_opts.zstd_max_train_bytes: 0
2022/03/12-12:18:54.352380 10ec99600         Options.bottommost_compression_opts.parallel_threads: 1
2022/03/12-12:18:54.352381 10ec99600                  Options.bottommost_compression_opts.enabled: false
2022/03/12-12:18:54.352382 10ec99600            Options.compression_opts.window_bits: -14
2022/03/12-12:18:54.352383 10ec99600                  Options.compression_opts.level: 32767
2022/03/12-12:18:54.352385 10ec99600               Options.compression_opts.strategy: 0
2022/03/12-12:18:54.352386 10ec99600         Options.compression_opts.max_dict_bytes: 0
2022/03/12-12:18:54.352387 10ec99600         Options.compression_opts.zstd_max_train_bytes: 0
2022/03/12-12:18:54.352388 10ec99600         Options.compression_opts.parallel_threads: 1
2022/03/12-12:18:54.352389 10ec99600                  Options.compression_opts.enabled: false
2022/03/12-12:18:54.352391 10ec99600      Options.level0_file_num_compaction_trigger: 4
2022/03/12-12:18:54.352415 10ec99600          Options.level0_slowdown_writes_trigger: 20
2022/03/12-12:18:54.352417 10ec99600              Options.level0_stop_writes_trigger: 36
2022/03/12-12:18:54.352418 10ec99600                   Options.target_file_size_base: 67108864
2022/03/12-12:18:54.352419 10ec99600             Options.target_file_size_multiplier: 1
2022/03/12-12:18:54.352420 10ec99600                Options.max_bytes_for_level_base: 268435456
2022/03/12-12:18:54.352422 10ec99600 Options.level_compaction_dynamic_level_bytes: 0
2022/03/12-12:18:54.352423 10ec99600          Options.max_bytes_for_level_multiplier: 10.000000
2022/03/12-12:18:54.352425 10ec99600 Options.max_bytes_for_level_multiplier_addtl[0]: 1
2022/03/12-12:18:54.352426 10ec99600 Options.max_bytes_for_level_multiplier_addtl[1]: 1
2022/03/12-12:18:54.352427 10ec99600 Options.max_bytes_for_level_multiplier_addtl[2]: 1
2022/03/12-12:18:54.352428 10ec99600 Options.max_bytes_for_level_multiplier_addtl[3]: 1
2022/03/12-12:18:54.352430 10ec99600 Options.max_bytes_for_level_multiplier_addtl[4]: 1
2022/03/12-12:18:54.352431 10ec99600 Options.max_bytes_for_level_multiplier_addtl[5]: 1
2022/03/12-12:18:54.352432 10ec99600 Options.max_bytes_for_level_multiplier_addtl[6]: 1
2022/03/12-12:18:54.352433 10ec99600       Options.max_sequential_skip_in_iterations: 8
2022/03/12-12:18:54.352434 10ec99600                    Options.max_compaction_bytes: 1677721600
2022/03/12-12:18:54.352436 10ec99600                        Options.arena_block_size: 8388608
2022/03/12-12:18:54.352437 10ec99600   Options.soft_pending_compaction_bytes_limit: 68719476736
2022/03/12-12:18:54.352438 10ec99600   Options.hard_pending_compaction_bytes_limit: 274877906944
2022/03/12-12:18:54.352439 10ec99600       Options.rate_limit_delay_max_milliseconds: 100
2022/03/12-12:18:54.352441 10ec99600                Options.disable_auto_compactions: 1
2022/03/12-12:18:54.352442 10ec99600                        Options.compaction_style: kCompactionStyleLevel
2022/03/12-12:18:54.352443 10ec99600                          Options.compaction_pri: kMinOverlappingRatio
2022/03/12-12:18:54.352445 10ec99600 Options.compaction_options_universal.size_ratio: 1
2022/03/12-12:18:54.352446 10ec99600 Options.compaction_options_universal.min_merge_width: 2
2022/03/12-12:18:54.352447 10ec99600 Options.compaction_options_universal.max_merge_width: 4294967295
2022/03/12-12:18:54.352448 10ec99600 Options.compaction_options_universal.max_size_amplification_percent: 200
2022/03/12-12:18:54.352449 10ec99600 Options.compaction_options_universal.compression_size_percent: -1
2022/03/12-12:18:54.352451 10ec99600 Options.compaction_options_universal.stop_style: kCompactionStopStyleTotalSize
2022/03/12-12:18:54.352453 10ec99600 Options.compaction_options_fifo.max_table_files_size: 1073741824
2022/03/12-12:18:54.352454 10ec99600 Options.compaction_options_fifo.allow_compaction: 0
2022/03/12-12:18:54.352455 10ec99600                   Options.table_properties_collectors: 
2022/03/12-12:18:54.352457 10ec99600                   Options.inplace_update_support: 0
2022/03/12-12:18:54.352458 10ec99600                 Options.inplace_update_num_locks: 10000
2022/03/12-12:18:54.352459 10ec99600               Options.memtable_prefix_bloom_size_ratio: 0.000000
2022/03/12-12:18:54.352461 10ec99600               Options.memtable_whole_key_filtering: 0
2022/03/12-12:18:54.352462 10ec99600   Options.memtable_huge_page_size: 0
2022/03/12-12:18:54.352463 10ec99600                           Options.bloom_locality: 0
2022/03/12-12:18:54.352464 10ec99600                    Options.max_successive_merges: 0
2022/03/12-12:18:54.352465 10ec99600                Options.optimize_filters_for_hits: 0
2022/03/12-12:18:54.352467 10ec99600                Options.paranoid_file_checks: 0
2022/03/12-12:18:54.352468 10ec99600                Options.force_consistency_checks: 0
2022/03/12-12:18:54.352469 10ec99600                Options.report_bg_io_stats: 0
2022/03/12-12:18:54.352470 10ec99600                               Options.ttl: 2592000
2022/03/12-12:18:54.352471 10ec99600          Options.periodic_compaction_seconds: 2592000
2022/03/12-12:18:54.352552 10ec99600 [db/db_impl/db_impl.cc:2563] Created column family [FZ] (ID 2)
2022/03/12-12:18:54.354242 10ec99600 [db/column_family.cc:580] --------------- Options for column family [NZ]:
2022/03/12-12:18:54.354252 10ec99600               Options.comparator: leveldb.BytewiseComparator
2022/03/12-12:18:54.354255 10ec99600           Options.merge_operator: None
2022/03/12-12:18:54.354257 10ec99600        Options.compaction_filter: filter_outdated
2022/03/12-12:18:54.354260 10ec99600        Options.compaction_filter_factory: None
2022/03/12-12:18:54.354262 10ec99600  Options.sst_partitioner_factory: None
2022/03/12-12:18:54.354264 10ec99600         Options.memtable_factory: SkipListFactory
2022/03/12-12:18:54.354266 10ec99600            Options.table_factory: BlockBasedTable
2022/03/12-12:18:54.354306 10ec99600            table_factory options:   flush_block_policy_factory: FlushBlockBySizePolicyFactory (0x600002103420)
  cache_index_and_filter_blocks: 0
  cache_index_and_filter_blocks_with_high_priority: 1
  pin_l0_filter_and_index_blocks_in_cache: 0
  pin_top_level_index_and_filter: 1
  index_type: 0
  data_block_index_type: 0
  index_shortening: 1
  data_block_hash_table_util_ratio: 0.750000
  hash_index_allow_collision: 1
  checksum: 1
  no_block_cache: 0
  block_cache: 0x60000121af98
  block_cache_name: LRUCache
  block_cache_options:
    capacity : 8388608
    num_shard_bits : 4
    strict_capacity_limit : 0
    memory_allocator : None
    high_pri_pool_ratio: 0.000
  block_cache_compressed: 0x0
  persistent_cache: 0x0
  block_size: 4096
  block_size_deviation: 10
  block_restart_interval: 16
  index_block_restart_interval: 1
  metadata_block_size: 4096
  partition_filters: 0
  use_delta_encoding: 1
  filter_policy: nullptr
  whole_key_filtering: 1
  verify_compression: 0
  read_amp_bytes_per_bit: 0
  format_version: 4
  enable_index_compression: 1
  block_align: 0
2022/03/12-12:18:54.354310 10ec99600        Options.write_buffer_size: 67108864
2022/03/12-12:18:54.354313 10ec99600  Options.max_write_buffer_number: 2
2022/03/12-12:18:54.354315 10ec99600          Options.compression: NoCompression
2022/03/12-12:18:54.354316 10ec99600                  Options.bottommost_compression: Disabled
2022/03/12-12:18:54.354317 10ec99600       Options.prefix_extractor: nullptr
2022/03/12-12:18:54.354318 10ec99600   Options.memtable_insert_with_hint_prefix_extractor: nullptr
2022/03/12-12:18:54.354320 10ec99600             Options.num_levels: 7
2022/03/12-12:18:54.354321 10ec99600        Options.min_write_buffer_number_to_merge: 1
2022/03/12-12:18:54.354322 10ec99600     Options.max_write_buffer_number_to_maintain: 0
2022/03/12-12:18:54.354324 10ec99600     Options.max_write_buffer_size_to_maintain: 0
2022/03/12-12:18:54.354325 10ec99600            Options.bottommost_compression_opts.window_bits: -14
2022/03/12-12:18:54.354326 10ec99600                  Options.bottommost_compression_opts.level: 32767
2022/03/12-12:18:54.354328 10ec99600               Options.bottommost_compression_opts.strategy: 0
2022/03/12-12:18:54.354329 10ec99600         Options.bottommost_compression_opts.max_dict_bytes: 0
2022/03/12-12:18:54.354330 10ec99600         Options.bottommost_compression_opts.zstd_max_train_bytes: 0
2022/03/12-12:18:54.354332 10ec99600         Options.bottommost_compression_opts.parallel_threads: 1
2022/03/12-12:18:54.354333 10ec99600                  Options.bottommost_compression_opts.enabled: false
2022/03/12-12:18:54.354334 10ec99600            Options.compression_opts.window_bits: -14
2022/03/12-12:18:54.354336 10ec99600                  Options.compression_opts.level: 32767
2022/03/12-12:18:54.354337 10ec99600               Options.compression_opts.strategy: 0
2022/03/12-12:18:54.354338 10ec99600         Options.compression_opts.max_dict_bytes: 0
2022/03/12-12:18:54.354339 10ec99600         Options.compression_opts.zstd_max_train_bytes: 0
2022/03/12-12:18:54.354341 10ec99600         Options.compression_opts.parallel_threads: 1
2022/03/12-12:18:54.354342 10ec99600                  Options.compression_opts.enabled: false
2022/03/12-12:18:54.354343 10ec99600      Options.level0_file_num_compaction_trigger: 4
2022/03/12-12:18:54.354378 10ec99600          Options.level0_slowdown_writes_trigger: 20
2022/03/12-12:18:54.354381 10ec99600              Options.level0_stop_writes_trigger: 36
2022/03/12-12:18:54.354382 10ec99600                   Options.target_file_size_base: 67108864
2022/03/12-12:18:54.354383 10ec99600             Options.target_file_size_multiplier: 1
2022/03/12-12:18:54.354385 10ec99600                Options.max_bytes_for_level_base: 268435456
2022/03/12-12:18:54.354386 10ec99600 Options.level_compaction_dynamic_level_bytes: 0
2022/03/12-12:18:54.354388 10ec99600          Options.max_bytes_for_level_multiplier: 10.000000
2022/03/12-12:18:54.354390 10ec99600 Options.max_bytes_for_level_multiplier_addtl[0]: 1
2022/03/12-12:18:54.354391 10ec99600 Options.max_bytes_for_level_multiplier_addtl[1]: 1
2022/03/12-12:18:54.354393 10ec99600 Options.max_bytes_for_level_multiplier_addtl[2]: 1
2022/03/12-12:18:54.354394 10ec99600 Options.max_bytes_for_level_multiplier_addtl[3]: 1
2022/03/12-12:18:54.354395 10ec99600 Options.max_bytes_for_level_multiplier_addtl[4]: 1
2022/03/12-12:18:54.354397 10ec99600 Options.max_bytes_for_level_multiplier_addtl[5]: 1
2022/03/12-12:18:54.354398 10ec99600 Options.max_bytes_for_level_multiplier_addtl[6]: 1
2022/03/12-12:18:54.354399 10ec99600       Options.max_sequential_skip_in_iterations: 8
2022/03/12-12:18:54.354400 10ec99600                    Options.max_compaction_bytes: 1677721600
2022/03/12-12:18:54.354402 10ec99600                        Options.arena_block_size: 8388608
