2022/03/12-12:18:54.399026 10ec99600 RocksDB version: 6.12.7
2022/03/12-12:18:54.399417 10ec99600 Git sha rocksdb_build_git_sha:@0@
2022/03/12-12:18:54.399429 10ec99600 Compile date Jul 27 2021
2022/03/12-12:18:54.399483 10ec99600 DB SUMMARY
2022/03/12-12:18:54.399512 10ec99600 DB Session ID:  VPW3CXIKLO9F4JG4XTVJ
2022/03/12-12:18:54.399655 10ec99600 SST files in /Users/mathiaslorenceau/Coding/icp/bootcamp/core-project/.dfx/state/replicated_state/node-100/ic_consensus_pool/certification dir, Total Num: 0, files: 
2022/03/12-12:18:54.399661 10ec99600 Write Ahead Log file in /Users/mathiaslorenceau/Coding/icp/bootcamp/core-project/.dfx/state/replicated_state/node-100/ic_consensus_pool/certification: 
2022/03/12-12:18:54.399663 10ec99600                         Options.error_if_exists: 0
2022/03/12-12:18:54.399665 10ec99600                       Options.create_if_missing: 1
2022/03/12-12:18:54.399667 10ec99600                         Options.paranoid_checks: 1
2022/03/12-12:18:54.399668 10ec99600                                     Options.env: 0x107201ef8
2022/03/12-12:18:54.399670 10ec99600                                      Options.fs: Posix File System
2022/03/12-12:18:54.399671 10ec99600                                Options.info_log: 0x600000001090
2022/03/12-12:18:54.399672 10ec99600                Options.max_file_opening_threads: 16
2022/03/12-12:18:54.399674 10ec99600                              Options.statistics: 0x0
2022/03/12-12:18:54.399675 10ec99600                               Options.use_fsync: 1
2022/03/12-12:18:54.399676 10ec99600                       Options.max_log_file_size: 0
2022/03/12-12:18:54.399677 10ec99600                  Options.max_manifest_file_size: 1073741824
2022/03/12-12:18:54.399679 10ec99600                   Options.log_file_time_to_roll: 0
2022/03/12-12:18:54.399680 10ec99600                       Options.keep_log_file_num: 1000
2022/03/12-12:18:54.399681 10ec99600                    Options.recycle_log_file_num: 0
2022/03/12-12:18:54.399682 10ec99600                         Options.allow_fallocate: 1
2022/03/12-12:18:54.399684 10ec99600                        Options.allow_mmap_reads: 0
2022/03/12-12:18:54.399685 10ec99600                       Options.allow_mmap_writes: 0
2022/03/12-12:18:54.399686 10ec99600                        Options.use_direct_reads: 0
2022/03/12-12:18:54.399687 10ec99600                        Options.use_direct_io_for_flush_and_compaction: 0
2022/03/12-12:18:54.399688 10ec99600          Options.create_missing_column_families: 1
2022/03/12-12:18:54.399689 10ec99600                              Options.db_log_dir: 
2022/03/12-12:18:54.399691 10ec99600                                 Options.wal_dir: /Users/mathiaslorenceau/Coding/icp/bootcamp/core-project/.dfx/state/replicated_state/node-100/ic_consensus_pool/certification
2022/03/12-12:18:54.399692 10ec99600                Options.table_cache_numshardbits: 6
2022/03/12-12:18:54.399693 10ec99600                         Options.WAL_ttl_seconds: 0
2022/03/12-12:18:54.399694 10ec99600                       Options.WAL_size_limit_MB: 0
2022/03/12-12:18:54.399695 10ec99600                        Options.max_write_batch_group_size_bytes: 1048576
2022/03/12-12:18:54.399697 10ec99600             Options.manifest_preallocation_size: 4194304
2022/03/12-12:18:54.399698 10ec99600                     Options.is_fd_close_on_exec: 1
2022/03/12-12:18:54.399699 10ec99600                   Options.advise_random_on_open: 1
2022/03/12-12:18:54.399700 10ec99600                    Options.db_write_buffer_size: 0
2022/03/12-12:18:54.399702 10ec99600                    Options.write_buffer_manager: 0x600002d14f60
2022/03/12-12:18:54.399709 10ec99600         Options.access_hint_on_compaction_start: 1
2022/03/12-12:18:54.399710 10ec99600  Options.new_table_reader_for_compaction_inputs: 0
2022/03/12-12:18:54.399711 10ec99600           Options.random_access_max_buffer_size: 1048576
2022/03/12-12:18:54.399713 10ec99600                      Options.use_adaptive_mutex: 0
2022/03/12-12:18:54.399714 10ec99600                            Options.rate_limiter: 0x0
2022/03/12-12:18:54.399715 10ec99600     Options.sst_file_manager.rate_bytes_per_sec: 0
2022/03/12-12:18:54.399756 10ec99600                       Options.wal_recovery_mode: 2
2022/03/12-12:18:54.399758 10ec99600                  Options.enable_thread_tracking: 0
2022/03/12-12:18:54.399759 10ec99600                  Options.enable_pipelined_write: 0
2022/03/12-12:18:54.399761 10ec99600                  Options.unordered_write: 0
2022/03/12-12:18:54.399762 10ec99600         Options.allow_concurrent_memtable_write: 1
2022/03/12-12:18:54.399763 10ec99600      Options.enable_write_thread_adaptive_yield: 1
2022/03/12-12:18:54.399764 10ec99600             Options.write_thread_max_yield_usec: 100
2022/03/12-12:18:54.399765 10ec99600            Options.write_thread_slow_yield_usec: 3
2022/03/12-12:18:54.399767 10ec99600                               Options.row_cache: None
2022/03/12-12:18:54.399768 10ec99600                              Options.wal_filter: None
2022/03/12-12:18:54.399769 10ec99600             Options.avoid_flush_during_recovery: 0
2022/03/12-12:18:54.399771 10ec99600             Options.allow_ingest_behind: 0
2022/03/12-12:18:54.399772 10ec99600             Options.preserve_deletes: 0
2022/03/12-12:18:54.399773 10ec99600             Options.two_write_queues: 0
2022/03/12-12:18:54.399774 10ec99600             Options.manual_wal_flush: 0
2022/03/12-12:18:54.399775 10ec99600             Options.atomic_flush: 0
2022/03/12-12:18:54.399776 10ec99600             Options.avoid_unnecessary_blocking_io: 0
2022/03/12-12:18:54.399777 10ec99600                 Options.persist_stats_to_disk: 0
2022/03/12-12:18:54.399779 10ec99600                 Options.write_dbid_to_manifest: 0
2022/03/12-12:18:54.399780 10ec99600                 Options.log_readahead_size: 0
2022/03/12-12:18:54.399781 10ec99600                 Options.file_checksum_gen_factory: Unknown
2022/03/12-12:18:54.399783 10ec99600                 Options.best_efforts_recovery: 0
2022/03/12-12:18:54.399784 10ec99600                Options.max_bgerror_resume_count: 2147483647
2022/03/12-12:18:54.399785 10ec99600            Options.bgerror_resume_retry_interval: 1000000
2022/03/12-12:18:54.399786 10ec99600             Options.max_background_jobs: 2
2022/03/12-12:18:54.399788 10ec99600             Options.max_background_compactions: -1
2022/03/12-12:18:54.399789 10ec99600             Options.max_subcompactions: 1
2022/03/12-12:18:54.399790 10ec99600             Options.avoid_flush_during_shutdown: 0
2022/03/12-12:18:54.399791 10ec99600           Options.writable_file_max_buffer_size: 1048576
2022/03/12-12:18:54.399792 10ec99600             Options.delayed_write_rate : 16777216
2022/03/12-12:18:54.399794 10ec99600             Options.max_total_wal_size: 0
2022/03/12-12:18:54.399795 10ec99600             Options.delete_obsolete_files_period_micros: 21600000000
2022/03/12-12:18:54.399796 10ec99600                   Options.stats_dump_period_sec: 600
2022/03/12-12:18:54.399797 10ec99600                 Options.stats_persist_period_sec: 600
2022/03/12-12:18:54.399799 10ec99600                 Options.stats_history_buffer_size: 1048576
2022/03/12-12:18:54.399800 10ec99600                          Options.max_open_files: -1
2022/03/12-12:18:54.399801 10ec99600                          Options.bytes_per_sync: 0
2022/03/12-12:18:54.399802 10ec99600                      Options.wal_bytes_per_sync: 0
2022/03/12-12:18:54.399804 10ec99600                   Options.strict_bytes_per_sync: 0
2022/03/12-12:18:54.399805 10ec99600       Options.compaction_readahead_size: 0
2022/03/12-12:18:54.399806 10ec99600                  Options.max_background_flushes: -1
2022/03/12-12:18:54.399807 10ec99600 Compression algorithms supported:
2022/03/12-12:18:54.399809 10ec99600 	kZSTD supported: 1
2022/03/12-12:18:54.399810 10ec99600 	kZlibCompression supported: 1
2022/03/12-12:18:54.399812 10ec99600 	kXpressCompression supported: 0
2022/03/12-12:18:54.399813 10ec99600 	kSnappyCompression supported: 1
2022/03/12-12:18:54.399814 10ec99600 	kZSTDNotFinalCompression supported: 1
2022/03/12-12:18:54.399816 10ec99600 	kLZ4HCCompression supported: 1
2022/03/12-12:18:54.399837 10ec99600 	kLZ4Compression supported: 1
2022/03/12-12:18:54.399839 10ec99600 	kBZip2Compression supported: 1
2022/03/12-12:18:54.399841 10ec99600 Fast CRC32 supported: Supported on x86
2022/03/12-12:18:54.401869 10ec99600 [db/db_impl/db_impl_open.cc:271] Creating manifest 1 
2022/03/12-12:18:54.403145 10ec99600 [db/version_set.cc:4560] Recovering from manifest file: /Users/mathiaslorenceau/Coding/icp/bootcamp/core-project/.dfx/state/replicated_state/node-100/ic_consensus_pool/certification/MANIFEST-000001
2022/03/12-12:18:54.403203 10ec99600 [db/column_family.cc:580] --------------- Options for column family [default]:
2022/03/12-12:18:54.403207 10ec99600               Options.comparator: leveldb.BytewiseComparator
2022/03/12-12:18:54.403208 10ec99600           Options.merge_operator: None
2022/03/12-12:18:54.403210 10ec99600        Options.compaction_filter: None
2022/03/12-12:18:54.403211 10ec99600        Options.compaction_filter_factory: None
2022/03/12-12:18:54.403212 10ec99600  Options.sst_partitioner_factory: None
2022/03/12-12:18:54.403213 10ec99600         Options.memtable_factory: SkipListFactory
2022/03/12-12:18:54.403215 10ec99600            Options.table_factory: BlockBasedTable
2022/03/12-12:18:54.403234 10ec99600            table_factory options:   flush_block_policy_factory: FlushBlockBySizePolicyFactory (0x60000211a610)
  cache_index_and_filter_blocks: 0
  cache_index_and_filter_blocks_with_high_priority: 1
  pin_l0_filter_and_index_blocks_in_cache: 0
  pin_top_level_index_and_filter: 1
  index_type: 0
  data_block_index_type: 0
  index_shortening: 1
  data_block_hash_table_util_ratio: 0.750000
  hash_index_allow_collision: 1
  checksum: 1
  no_block_cache: 0
  block_cache: 0x60000121c1f8
  block_cache_name: LRUCache
  block_cache_options:
    capacity : 8388608
    num_shard_bits : 4
    strict_capacity_limit : 0
    memory_allocator : None
    high_pri_pool_ratio: 0.000
  block_cache_compressed: 0x0
  persistent_cache: 0x0
  block_size: 4096
  block_size_deviation: 10
  block_restart_interval: 16
  index_block_restart_interval: 1
  metadata_block_size: 4096
  partition_filters: 0
  use_delta_encoding: 1
  filter_policy: nullptr
  whole_key_filtering: 1
  verify_compression: 0
  read_amp_bytes_per_bit: 0
  format_version: 4
  enable_index_compression: 1
  block_align: 0
2022/03/12-12:18:54.403240 10ec99600        Options.write_buffer_size: 67108864
2022/03/12-12:18:54.403241 10ec99600  Options.max_write_buffer_number: 2
2022/03/12-12:18:54.403243 10ec99600          Options.compression: Snappy
2022/03/12-12:18:54.403244 10ec99600                  Options.bottommost_compression: Disabled
2022/03/12-12:18:54.403245 10ec99600       Options.prefix_extractor: nullptr
2022/03/12-12:18:54.403246 10ec99600   Options.memtable_insert_with_hint_prefix_extractor: nullptr
2022/03/12-12:18:54.403248 10ec99600             Options.num_levels: 7
2022/03/12-12:18:54.403249 10ec99600        Options.min_write_buffer_number_to_merge: 1
2022/03/12-12:18:54.403250 10ec99600     Options.max_write_buffer_number_to_maintain: 0
2022/03/12-12:18:54.403251 10ec99600     Options.max_write_buffer_size_to_maintain: 0
2022/03/12-12:18:54.403252 10ec99600            Options.bottommost_compression_opts.window_bits: -14
2022/03/12-12:18:54.403254 10ec99600                  Options.bottommost_compression_opts.level: 32767
2022/03/12-12:18:54.403255 10ec99600               Options.bottommost_compression_opts.strategy: 0
2022/03/12-12:18:54.403256 10ec99600         Options.bottommost_compression_opts.max_dict_bytes: 0
2022/03/12-12:18:54.403258 10ec99600         Options.bottommost_compression_opts.zstd_max_train_bytes: 0
2022/03/12-12:18:54.403259 10ec99600         Options.bottommost_compression_opts.parallel_threads: 1
2022/03/12-12:18:54.403260 10ec99600                  Options.bottommost_compression_opts.enabled: false
2022/03/12-12:18:54.403262 10ec99600            Options.compression_opts.window_bits: -14
2022/03/12-12:18:54.403263 10ec99600                  Options.compression_opts.level: 32767
2022/03/12-12:18:54.403264 10ec99600               Options.compression_opts.strategy: 0
2022/03/12-12:18:54.403298 10ec99600         Options.compression_opts.max_dict_bytes: 0
2022/03/12-12:18:54.403300 10ec99600         Options.compression_opts.zstd_max_train_bytes: 0
2022/03/12-12:18:54.403301 10ec99600         Options.compression_opts.parallel_threads: 1
2022/03/12-12:18:54.403302 10ec99600                  Options.compression_opts.enabled: false
2022/03/12-12:18:54.403304 10ec99600      Options.level0_file_num_compaction_trigger: 4
2022/03/12-12:18:54.403305 10ec99600          Options.level0_slowdown_writes_trigger: 20
2022/03/12-12:18:54.403306 10ec99600              Options.level0_stop_writes_trigger: 36
2022/03/12-12:18:54.403307 10ec99600                   Options.target_file_size_base: 67108864
2022/03/12-12:18:54.403308 10ec99600             Options.target_file_size_multiplier: 1
2022/03/12-12:18:54.403310 10ec99600                Options.max_bytes_for_level_base: 268435456
2022/03/12-12:18:54.403311 10ec99600 Options.level_compaction_dynamic_level_bytes: 0
2022/03/12-12:18:54.403312 10ec99600          Options.max_bytes_for_level_multiplier: 10.000000
2022/03/12-12:18:54.403314 10ec99600 Options.max_bytes_for_level_multiplier_addtl[0]: 1
2022/03/12-12:18:54.403315 10ec99600 Options.max_bytes_for_level_multiplier_addtl[1]: 1
2022/03/12-12:18:54.403316 10ec99600 Options.max_bytes_for_level_multiplier_addtl[2]: 1
2022/03/12-12:18:54.403318 10ec99600 Options.max_bytes_for_level_multiplier_addtl[3]: 1
2022/03/12-12:18:54.403319 10ec99600 Options.max_bytes_for_level_multiplier_addtl[4]: 1
2022/03/12-12:18:54.403320 10ec99600 Options.max_bytes_for_level_multiplier_addtl[5]: 1
2022/03/12-12:18:54.403321 10ec99600 Options.max_bytes_for_level_multiplier_addtl[6]: 1
2022/03/12-12:18:54.403322 10ec99600       Options.max_sequential_skip_in_iterations: 8
2022/03/12-12:18:54.403324 10ec99600                    Options.max_compaction_bytes: 1677721600
2022/03/12-12:18:54.403325 10ec99600                        Options.arena_block_size: 8388608
2022/03/12-12:18:54.403326 10ec99600   Options.soft_pending_compaction_bytes_limit: 68719476736
2022/03/12-12:18:54.403327 10ec99600   Options.hard_pending_compaction_bytes_limit: 274877906944
2022/03/12-12:18:54.403329 10ec99600       Options.rate_limit_delay_max_milliseconds: 100
2022/03/12-12:18:54.403330 10ec99600                Options.disable_auto_compactions: 0
2022/03/12-12:18:54.403331 10ec99600                        Options.compaction_style: kCompactionStyleLevel
2022/03/12-12:18:54.403333 10ec99600                          Options.compaction_pri: kMinOverlappingRatio
2022/03/12-12:18:54.403334 10ec99600 Options.compaction_options_universal.size_ratio: 1
2022/03/12-12:18:54.403335 10ec99600 Options.compaction_options_universal.min_merge_width: 2
2022/03/12-12:18:54.403336 10ec99600 Options.compaction_options_universal.max_merge_width: 4294967295
2022/03/12-12:18:54.403338 10ec99600 Options.compaction_options_universal.max_size_amplification_percent: 200
2022/03/12-12:18:54.403339 10ec99600 Options.compaction_options_universal.compression_size_percent: -1
2022/03/12-12:18:54.403341 10ec99600 Options.compaction_options_universal.stop_style: kCompactionStopStyleTotalSize
2022/03/12-12:18:54.403342 10ec99600 Options.compaction_options_fifo.max_table_files_size: 1073741824
2022/03/12-12:18:54.403344 10ec99600 Options.compaction_options_fifo.allow_compaction: 0
2022/03/12-12:18:54.403346 10ec99600                   Options.table_properties_collectors: 
2022/03/12-12:18:54.403347 10ec99600                   Options.inplace_update_support: 0
2022/03/12-12:18:54.403348 10ec99600                 Options.inplace_update_num_locks: 10000
2022/03/12-12:18:54.403350 10ec99600               Options.memtable_prefix_bloom_size_ratio: 0.000000
2022/03/12-12:18:54.403351 10ec99600               Options.memtable_whole_key_filtering: 0
2022/03/12-12:18:54.403352 10ec99600   Options.memtable_huge_page_size: 0
2022/03/12-12:18:54.403353 10ec99600                           Options.bloom_locality: 0
2022/03/12-12:18:54.403355 10ec99600                    Options.max_successive_merges: 0
2022/03/12-12:18:54.403375 10ec99600                Options.optimize_filters_for_hits: 0
2022/03/12-12:18:54.403377 10ec99600                Options.paranoid_file_checks: 0
2022/03/12-12:18:54.403378 10ec99600                Options.force_consistency_checks: 0
2022/03/12-12:18:54.403379 10ec99600                Options.report_bg_io_stats: 0
2022/03/12-12:18:54.403380 10ec99600                               Options.ttl: 2592000
2022/03/12-12:18:54.403381 10ec99600          Options.periodic_compaction_seconds: 0
2022/03/12-12:18:54.403852 10ec99600 [db/version_set.cc:4718] Recovered from manifest file:/Users/mathiaslorenceau/Coding/icp/bootcamp/core-project/.dfx/state/replicated_state/node-100/ic_consensus_pool/certification/MANIFEST-000001 succeeded,manifest_file_number is 1, next_file_number is 3, last_sequence is 0, log_number is 0,prev_log_number is 0,max_column_family is 0,min_log_number_to_keep is 0
2022/03/12-12:18:54.403860 10ec99600 [db/version_set.cc:4727] Column family [default] (ID 0), log number is 0
2022/03/12-12:18:54.404173 10ec99600 [db/version_set.cc:3950] Creating manifest 4
2022/03/12-12:18:54.405138 10ec99600 [db/column_family.cc:580] --------------- Options for column family [CE]:
2022/03/12-12:18:54.405144 10ec99600               Options.comparator: leveldb.BytewiseComparator
2022/03/12-12:18:54.405146 10ec99600           Options.merge_operator: None
2022/03/12-12:18:54.405148 10ec99600        Options.compaction_filter: filter_outdated
2022/03/12-12:18:54.405149 10ec99600        Options.compaction_filter_factory: None
2022/03/12-12:18:54.405150 10ec99600  Options.sst_partitioner_factory: None
2022/03/12-12:18:54.405152 10ec99600         Options.memtable_factory: SkipListFactory
2022/03/12-12:18:54.405153 10ec99600            Options.table_factory: BlockBasedTable
2022/03/12-12:18:54.405176 10ec99600            table_factory options:   flush_block_policy_factory: FlushBlockBySizePolicyFactory (0x60000211a560)
  cache_index_and_filter_blocks: 0
  cache_index_and_filter_blocks_with_high_priority: 1
  pin_l0_filter_and_index_blocks_in_cache: 0
  pin_top_level_index_and_filter: 1
  index_type: 0
  data_block_index_type: 0
  index_shortening: 1
  data_block_hash_table_util_ratio: 0.750000
  hash_index_allow_collision: 1
  checksum: 1
  no_block_cache: 0
  block_cache: 0x60000121c0b8
  block_cache_name: LRUCache
  block_cache_options:
    capacity : 8388608
    num_shard_bits : 4
    strict_capacity_limit : 0
    memory_allocator : None
    high_pri_pool_ratio: 0.000
  block_cache_compressed: 0x0
  persistent_cache: 0x0
  block_size: 4096
  block_size_deviation: 10
  block_restart_interval: 16
  index_block_restart_interval: 1
  metadata_block_size: 4096
  partition_filters: 0
  use_delta_encoding: 1
  filter_policy: nullptr
  whole_key_filtering: 1
  verify_compression: 0
  read_amp_bytes_per_bit: 0
  format_version: 4
  enable_index_compression: 1
  block_align: 0
2022/03/12-12:18:54.405181 10ec99600        Options.write_buffer_size: 67108864
2022/03/12-12:18:54.405182 10ec99600  Options.max_write_buffer_number: 2
2022/03/12-12:18:54.405183 10ec99600          Options.compression: NoCompression
2022/03/12-12:18:54.405185 10ec99600                  Options.bottommost_compression: Disabled
2022/03/12-12:18:54.405186 10ec99600       Options.prefix_extractor: nullptr
2022/03/12-12:18:54.405187 10ec99600   Options.memtable_insert_with_hint_prefix_extractor: nullptr
2022/03/12-12:18:54.405188 10ec99600             Options.num_levels: 7
2022/03/12-12:18:54.405190 10ec99600        Options.min_write_buffer_number_to_merge: 1
2022/03/12-12:18:54.405191 10ec99600     Options.max_write_buffer_number_to_maintain: 0
2022/03/12-12:18:54.405192 10ec99600     Options.max_write_buffer_size_to_maintain: 0
2022/03/12-12:18:54.405193 10ec99600            Options.bottommost_compression_opts.window_bits: -14
2022/03/12-12:18:54.405195 10ec99600                  Options.bottommost_compression_opts.level: 32767
2022/03/12-12:18:54.405196 10ec99600               Options.bottommost_compression_opts.strategy: 0
2022/03/12-12:18:54.405197 10ec99600         Options.bottommost_compression_opts.max_dict_bytes: 0
2022/03/12-12:18:54.405198 10ec99600         Options.bottommost_compression_opts.zstd_max_train_bytes: 0
2022/03/12-12:18:54.405200 10ec99600         Options.bottommost_compression_opts.parallel_threads: 1
2022/03/12-12:18:54.405201 10ec99600                  Options.bottommost_compression_opts.enabled: false
2022/03/12-12:18:54.405202 10ec99600            Options.compression_opts.window_bits: -14
2022/03/12-12:18:54.405203 10ec99600                  Options.compression_opts.level: 32767
2022/03/12-12:18:54.405205 10ec99600               Options.compression_opts.strategy: 0
2022/03/12-12:18:54.405206 10ec99600         Options.compression_opts.max_dict_bytes: 0
2022/03/12-12:18:54.405207 10ec99600         Options.compression_opts.zstd_max_train_bytes: 0
2022/03/12-12:18:54.405208 10ec99600         Options.compression_opts.parallel_threads: 1
2022/03/12-12:18:54.405209 10ec99600                  Options.compression_opts.enabled: false
2022/03/12-12:18:54.405211 10ec99600      Options.level0_file_num_compaction_trigger: 4
2022/03/12-12:18:54.405236 10ec99600          Options.level0_slowdown_writes_trigger: 20
2022/03/12-12:18:54.405238 10ec99600              Options.level0_stop_writes_trigger: 36
2022/03/12-12:18:54.405239 10ec99600                   Options.target_file_size_base: 67108864
2022/03/12-12:18:54.405241 10ec99600             Options.target_file_size_multiplier: 1
2022/03/12-12:18:54.405242 10ec99600                Options.max_bytes_for_level_base: 268435456
2022/03/12-12:18:54.405243 10ec99600 Options.level_compaction_dynamic_level_bytes: 0
2022/03/12-12:18:54.405244 10ec99600          Options.max_bytes_for_level_multiplier: 10.000000
2022/03/12-12:18:54.405246 10ec99600 Options.max_bytes_for_level_multiplier_addtl[0]: 1
2022/03/12-12:18:54.405247 10ec99600 Options.max_bytes_for_level_multiplier_addtl[1]: 1
2022/03/12-12:18:54.405249 10ec99600 Options.max_bytes_for_level_multiplier_addtl[2]: 1
2022/03/12-12:18:54.405250 10ec99600 Options.max_bytes_for_level_multiplier_addtl[3]: 1
2022/03/12-12:18:54.405251 10ec99600 Options.max_bytes_for_level_multiplier_addtl[4]: 1
2022/03/12-12:18:54.405252 10ec99600 Options.max_bytes_for_level_multiplier_addtl[5]: 1
2022/03/12-12:18:54.405253 10ec99600 Options.max_bytes_for_level_multiplier_addtl[6]: 1
2022/03/12-12:18:54.405255 10ec99600       Options.max_sequential_skip_in_iterations: 8
2022/03/12-12:18:54.405256 10ec99600                    Options.max_compaction_bytes: 1677721600
2022/03/12-12:18:54.405257 10ec99600                        Options.arena_block_size: 8388608
2022/03/12-12:18:54.405258 10ec99600   Options.soft_pending_compaction_bytes_limit: 68719476736
2022/03/12-12:18:54.405260 10ec99600   Options.hard_pending_compaction_bytes_limit: 274877906944
2022/03/12-12:18:54.405261 10ec99600       Options.rate_limit_delay_max_milliseconds: 100
2022/03/12-12:18:54.405262 10ec99600                Options.disable_auto_compactions: 1
2022/03/12-12:18:54.405264 10ec99600                        Options.compaction_style: kCompactionStyleLevel
2022/03/12-12:18:54.405265 10ec99600                          Options.compaction_pri: kMinOverlappingRatio
2022/03/12-12:18:54.405266 10ec99600 Options.compaction_options_universal.size_ratio: 1
2022/03/12-12:18:54.405267 10ec99600 Options.compaction_options_universal.min_merge_width: 2
2022/03/12-12:18:54.405268 10ec99600 Options.compaction_options_universal.max_merge_width: 4294967295
2022/03/12-12:18:54.405270 10ec99600 Options.compaction_options_universal.max_size_amplification_percent: 200
2022/03/12-12:18:54.405271 10ec99600 Options.compaction_options_universal.compression_size_percent: -1
2022/03/12-12:18:54.405273 10ec99600 Options.compaction_options_universal.stop_style: kCompactionStopStyleTotalSize
2022/03/12-12:18:54.405274 10ec99600 Options.compaction_options_fifo.max_table_files_size: 1073741824
2022/03/12-12:18:54.405275 10ec99600 Options.compaction_options_fifo.allow_compaction: 0
2022/03/12-12:18:54.405277 10ec99600                   Options.table_properties_collectors: 
2022/03/12-12:18:54.405279 10ec99600                   Options.inplace_update_support: 0
2022/03/12-12:18:54.405280 10ec99600                 Options.inplace_update_num_locks: 10000
2022/03/12-12:18:54.405281 10ec99600               Options.memtable_prefix_bloom_size_ratio: 0.000000
2022/03/12-12:18:54.405283 10ec99600               Options.memtable_whole_key_filtering: 0
2022/03/12-12:18:54.405284 10ec99600   Options.memtable_huge_page_size: 0
2022/03/12-12:18:54.405285 10ec99600                           Options.bloom_locality: 0
2022/03/12-12:18:54.405286 10ec99600                    Options.max_successive_merges: 0
2022/03/12-12:18:54.405287 10ec99600                Options.optimize_filters_for_hits: 0
2022/03/12-12:18:54.405289 10ec99600                Options.paranoid_file_checks: 0
2022/03/12-12:18:54.405290 10ec99600                Options.force_consistency_checks: 0
2022/03/12-12:18:54.405291 10ec99600                Options.report_bg_io_stats: 0
2022/03/12-12:18:54.405292 10ec99600                               Options.ttl: 2592000
2022/03/12-12:18:54.405293 10ec99600          Options.periodic_compaction_seconds: 2592000
2022/03/12-12:18:54.405377 10ec99600 [db/db_impl/db_impl.cc:2563] Created column family [CE] (ID 1)
2022/03/12-12:18:54.407367 10ec99600 [db/column_family.cc:580] --------------- Options for column family [CES]:
2022/03/12-12:18:54.407375 10ec99600               Options.comparator: leveldb.BytewiseComparator
2022/03/12-12:18:54.407377 10ec99600           Options.merge_operator: None
2022/03/12-12:18:54.407379 10ec99600        Options.compaction_filter: filter_outdated
2022/03/12-12:18:54.407380 10ec99600        Options.compaction_filter_factory: None
2022/03/12-12:18:54.407381 10ec99600  Options.sst_partitioner_factory: None
2022/03/12-12:18:54.407383 10ec99600         Options.memtable_factory: SkipListFactory
2022/03/12-12:18:54.407384 10ec99600            Options.table_factory: BlockBasedTable
2022/03/12-12:18:54.407402 10ec99600            table_factory options:   flush_block_policy_factory: FlushBlockBySizePolicyFactory (0x60000211a5b0)
  cache_index_and_filter_blocks: 0
  cache_index_and_filter_blocks_with_high_priority: 1
  pin_l0_filter_and_index_blocks_in_cache: 0
  pin_top_level_index_and_filter: 1
  index_type: 0
  data_block_index_type: 0
  index_shortening: 1
  data_block_hash_table_util_ratio: 0.750000
  hash_index_allow_collision: 1
  checksum: 1
  no_block_cache: 0
  block_cache: 0x60000121c158
  block_cache_name: LRUCache
  block_cache_options:
    capacity : 8388608
    num_shard_bits : 4
    strict_capacity_limit : 0
    memory_allocator : None
    high_pri_pool_ratio: 0.000
  block_cache_compressed: 0x0
  persistent_cache: 0x0
  block_size: 4096
  block_size_deviation: 10
  block_restart_interval: 16
  index_block_restart_interval: 1
  metadata_block_size: 4096
  partition_filters: 0
  use_delta_encoding: 1
  filter_policy: nullptr
  whole_key_filtering: 1
  verify_compression: 0
  read_amp_bytes_per_bit: 0
  format_version: 4
  enable_index_compression: 1
  block_align: 0
2022/03/12-12:18:54.407407 10ec99600        Options.write_buffer_size: 67108864
2022/03/12-12:18:54.407408 10ec99600  Options.max_write_buffer_number: 2
2022/03/12-12:18:54.407410 10ec99600          Options.compression: NoCompression
2022/03/12-12:18:54.407411 10ec99600                  Options.bottommost_compression: Disabled
2022/03/12-12:18:54.407412 10ec99600       Options.prefix_extractor: nullptr
2022/03/12-12:18:54.407414 10ec99600   Options.memtable_insert_with_hint_prefix_extractor: nullptr
2022/03/12-12:18:54.407415 10ec99600             Options.num_levels: 7
2022/03/12-12:18:54.407416 10ec99600        Options.min_write_buffer_number_to_merge: 1
2022/03/12-12:18:54.407417 10ec99600     Options.max_write_buffer_number_to_maintain: 0
2022/03/12-12:18:54.407419 10ec99600     Options.max_write_buffer_size_to_maintain: 0
2022/03/12-12:18:54.407420 10ec99600            Options.bottommost_compression_opts.window_bits: -14
2022/03/12-12:18:54.407421 10ec99600                  Options.bottommost_compression_opts.level: 32767
2022/03/12-12:18:54.407422 10ec99600               Options.bottommost_compression_opts.strategy: 0
2022/03/12-12:18:54.407424 10ec99600         Options.bottommost_compression_opts.max_dict_bytes: 0
2022/03/12-12:18:54.407425 10ec99600         Options.bottommost_compression_opts.zstd_max_train_bytes: 0
2022/03/12-12:18:54.407426 10ec99600         Options.bottommost_compression_opts.parallel_threads: 1
2022/03/12-12:18:54.407427 10ec99600                  Options.bottommost_compression_opts.enabled: false
2022/03/12-12:18:54.407429 10ec99600            Options.compression_opts.window_bits: -14
2022/03/12-12:18:54.407430 10ec99600                  Options.compression_opts.level: 32767
2022/03/12-12:18:54.407431 10ec99600               Options.compression_opts.strategy: 0
2022/03/12-12:18:54.407432 10ec99600         Options.compression_opts.max_dict_bytes: 0
2022/03/12-12:18:54.407434 10ec99600         Options.compression_opts.zstd_max_train_bytes: 0
2022/03/12-12:18:54.407435 10ec99600         Options.compression_opts.parallel_threads: 1
2022/03/12-12:18:54.407436 10ec99600                  Options.compression_opts.enabled: false
2022/03/12-12:18:54.407437 10ec99600      Options.level0_file_num_compaction_trigger: 4
2022/03/12-12:18:54.407471 10ec99600          Options.level0_slowdown_writes_trigger: 20
2022/03/12-12:18:54.407473 10ec99600              Options.level0_stop_writes_trigger: 36
2022/03/12-12:18:54.407474 10ec99600                   Options.target_file_size_base: 67108864
2022/03/12-12:18:54.407475 10ec99600             Options.target_file_size_multiplier: 1
2022/03/12-12:18:54.407477 10ec99600                Options.max_bytes_for_level_base: 268435456
2022/03/12-12:18:54.407478 10ec99600 Options.level_compaction_dynamic_level_bytes: 0
2022/03/12-12:18:54.407479 10ec99600          Options.max_bytes_for_level_multiplier: 10.000000
2022/03/12-12:18:54.407481 10ec99600 Options.max_bytes_for_level_multiplier_addtl[0]: 1
2022/03/12-12:18:54.407482 10ec99600 Options.max_bytes_for_level_multiplier_addtl[1]: 1
2022/03/12-12:18:54.407484 10ec99600 Options.max_bytes_for_level_multiplier_addtl[2]: 1
2022/03/12-12:18:54.407485 10ec99600 Options.max_bytes_for_level_multiplier_addtl[3]: 1
2022/03/12-12:18:54.407486 10ec99600 Options.max_bytes_for_level_multiplier_addtl[4]: 1
2022/03/12-12:18:54.407487 10ec99600 Options.max_bytes_for_level_multiplier_addtl[5]: 1
2022/03/12-12:18:54.407488 10ec99600 Options.max_bytes_for_level_multiplier_addtl[6]: 1
2022/03/12-12:18:54.407490 10ec99600       Options.max_sequential_skip_in_iterations: 8
2022/03/12-12:18:54.407491 10ec99600                    Options.max_compaction_bytes: 1677721600
2022/03/12-12:18:54.407492 10ec99600                        Options.arena_block_size: 8388608
2022/03/12-12:18:54.407493 10ec99600   Options.soft_pending_compaction_bytes_limit: 68719476736
2022/03/12-12:18:54.407495 10ec99600   Options.hard_pending_compaction_bytes_limit: 274877906944
2022/03/12-12:18:54.407496 10ec99600       Options.rate_limit_delay_max_milliseconds: 100
2022/03/12-12:18:54.407497 10ec99600                Options.disable_auto_compactions: 1
2022/03/12-12:18:54.407499 10ec99600                        Options.compaction_style: kCompactionStyleLevel
2022/03/12-12:18:54.407500 10ec99600                          Options.compaction_pri: kMinOverlappingRatio
2022/03/12-12:18:54.407501 10ec99600 Options.compaction_options_universal.size_ratio: 1
2022/03/12-12:18:54.407502 10ec99600 Options.compaction_options_universal.min_merge_width: 2
2022/03/12-12:18:54.407504 10ec99600 Options.compaction_options_universal.max_merge_width: 4294967295
2022/03/12-12:18:54.407505 10ec99600 Options.compaction_options_universal.max_size_amplification_percent: 200
2022/03/12-12:18:54.407506 10ec99600 Options.compaction_options_universal.compression_size_percent: -1
2022/03/12-12:18:54.407508 10ec99600 Options.compaction_options_universal.stop_style: kCompactionStopStyleTotalSize
2022/03/12-12:18:54.407509 10ec99600 Options.compaction_options_fifo.max_table_files_size: 1073741824
2022/03/12-12:18:54.407510 10ec99600 Options.compaction_options_fifo.allow_compaction: 0
2022/03/12-12:18:54.407512 10ec99600                   Options.table_properties_collectors: 
2022/03/12-12:18:54.407513 10ec99600                   Options.inplace_update_support: 0
2022/03/12-12:18:54.407515 10ec99600                 Options.inplace_update_num_locks: 10000
2022/03/12-12:18:54.407516 10ec99600               Options.memtable_prefix_bloom_size_ratio: 0.000000
2022/03/12-12:18:54.407517 10ec99600               Options.memtable_whole_key_filtering: 0
2022/03/12-12:18:54.407519 10ec99600   Options.memtable_huge_page_size: 0
2022/03/12-12:18:54.407520 10ec99600                           Options.bloom_locality: 0
2022/03/12-12:18:54.407521 10ec99600                    Options.max_successive_merges: 0
2022/03/12-12:18:54.407522 10ec99600                Options.optimize_filters_for_hits: 0
2022/03/12-12:18:54.407523 10ec99600                Options.paranoid_file_checks: 0
2022/03/12-12:18:54.407524 10ec99600                Options.force_consistency_checks: 0
2022/03/12-12:18:54.407526 10ec99600                Options.report_bg_io_stats: 0
2022/03/12-12:18:54.407527 10ec99600                               Options.ttl: 2592000
2022/03/12-12:18:54.407528 10ec99600          Options.periodic_compaction_seconds: 2592000
2022/03/12-12:18:54.407620 10ec99600 [db/db_impl/db_impl.cc:2563] Created column family [CES] (ID 2)
2022/03/12-12:18:54.410771 10ec99600 [db/db_impl/db_impl_open.cc:1639] SstFileManager instance 0x7f9c8b807860
2022/03/12-12:18:54.410828 10ec99600 DB pointer 0x7f9c8b032600
2022/03/12-12:18:55.414403 7000140bd000 [db/db_impl/db_impl.cc:899] ------- DUMPING STATS -------
2022/03/12-12:18:55.414417 7000140bd000 [db/db_impl/db_impl.cc:900] 
** DB Stats **
Uptime(secs): 1.0 total, 1.0 interval
Cumulative writes: 2 writes, 2 keys, 2 commit groups, 0.7 writes per commit group, ingest: 0.00 GB, 0.00 MB/s
Cumulative WAL: 2 writes, 0 syncs, 2.00 writes per sync, written: 0.00 GB, 0.00 MB/s
Cumulative stall: 00:00:0.000 H:M:S, 0.0 percent
Interval writes: 2 writes, 2 keys, 2 commit groups, 0.7 writes per commit group, ingest: 0.00 MB, 0.00 MB/s
Interval WAL: 2 writes, 0 syncs, 2.00 writes per sync, written: 0.00 MB, 0.00 MB/s
Interval stall: 00:00:0.000 H:M:S, 0.0 percent

** Compaction Stats [default] **
Level    Files   Size     Score Read(GB)  Rn(GB) Rnp1(GB) Write(GB) Wnew(GB) Moved(GB) W-Amp Rd(MB/s) Wr(MB/s) Comp(sec) CompMergeCPU(sec) Comp(cnt) Avg(sec) KeyIn KeyDrop
----------------------------------------------------------------------------------------------------------------------------------------------------------------------------
 Sum      0/0    0.00 KB   0.0      0.0     0.0      0.0       0.0      0.0       0.0   0.0      0.0      0.0      0.00              0.00         0    0.000       0      0
 Int      0/0    0.00 KB   0.0      0.0     0.0      0.0       0.0      0.0       0.0   0.0      0.0      0.0      0.00              0.00         0    0.000       0      0

** Compaction Stats [default] **
Priority    Files   Size     Score Read(GB)  Rn(GB) Rnp1(GB) Write(GB) Wnew(GB) Moved(GB) W-Amp Rd(MB/s) Wr(MB/s) Comp(sec) CompMergeCPU(sec) Comp(cnt) Avg(sec) KeyIn KeyDrop
-------------------------------------------------------------------------------------------------------------------------------------------------------------------------------
Uptime(secs): 1.0 total, 1.0 interval
Flush(GB): cumulative 0.000, interval 0.000
AddFile(GB): cumulative 0.000, interval 0.000
AddFile(Total Files): cumulative 0, interval 0
AddFile(L0 Files): cumulative 0, interval 0
AddFile(Keys): cumulative 0, interval 0
Cumulative compaction: 0.00 GB write, 0.00 MB/s write, 0.00 GB read, 0.00 MB/s read, 0.0 seconds
Interval compaction: 0.00 GB write, 0.00 MB/s write, 0.00 GB read, 0.00 MB/s read, 0.0 seconds
Stalls(count): 0 level0_slowdown, 0 level0_slowdown_with_compaction, 0 level0_numfiles, 0 level0_numfiles_with_compaction, 0 stop for pending_compaction_bytes, 0 slowdown for pending_compaction_bytes, 0 memtable_compaction, 0 memtable_slowdown, interval 0 total count

** File Read Latency Histogram By Level [default] **

** Compaction Stats [CE] **
Level    Files   Size     Score Read(GB)  Rn(GB) Rnp1(GB) Write(GB) Wnew(GB) Moved(GB) W-Amp Rd(MB/s) Wr(MB/s) Comp(sec) CompMergeCPU(sec) Comp(cnt) Avg(sec) KeyIn KeyDrop
----------------------------------------------------------------------------------------------------------------------------------------------------------------------------
 Sum      0/0    0.00 KB   0.0      0.0     0.0      0.0       0.0      0.0       0.0   0.0      0.0      0.0      0.00              0.00         0    0.000       0      0
 Int      0/0    0.00 KB   0.0      0.0     0.0      0.0       0.0      0.0       0.0   0.0      0.0      0.0      0.00              0.00         0    0.000       0      0

** Compaction Stats [CE] **
Priority    Files   Size     Score Read(GB)  Rn(GB) Rnp1(GB) Write(GB) Wnew(GB) Moved(GB) W-Amp Rd(MB/s) Wr(MB/s) Comp(sec) CompMergeCPU(sec) Comp(cnt) Avg(sec) KeyIn KeyDrop
-------------------------------------------------------------------------------------------------------------------------------------------------------------------------------
Uptime(secs): 1.0 total, 1.0 interval
Flush(GB): cumulative 0.000, interval 0.000
AddFile(GB): cumulative 0.000, interval 0.000
AddFile(Total Files): cumulative 0, interval 0
AddFile(L0 Files): cumulative 0, interval 0
AddFile(Keys): cumulative 0, interval 0
Cumulative compaction: 0.00 GB write, 0.00 MB/s write, 0.00 GB read, 0.00 MB/s read, 0.0 seconds
Interval compaction: 0.00 GB write, 0.00 MB/s write, 0.00 GB read, 0.00 MB/s read, 0.0 seconds
Stalls(count): 0 level0_slowdown, 0 level0_slowdown_with_compaction, 0 level0_numfiles, 0 level0_numfiles_with_compaction, 0 stop for pending_compaction_bytes, 0 slowdown for pending_compaction_bytes, 0 memtable_compaction, 0 memtable_slowdown, interval 0 total count

** File Read Latency Histogram By Level [CE] **

** Compaction Stats [CES] **
Level    Files   Size     Score Read(GB)  Rn(GB) Rnp1(GB) Write(GB) Wnew(GB) Moved(GB) W-Amp Rd(MB/s) Wr(MB/s) Comp(sec) CompMergeCPU(sec) Comp(cnt) Avg(sec) KeyIn KeyDrop
----------------------------------------------------------------------------------------------------------------------------------------------------------------------------
 Sum      0/0    0.00 KB   0.0      0.0     0.0      0.0       0.0      0.0       0.0   0.0      0.0      0.0      0.00              0.00         0    0.000       0      0
 Int      0/0    0.00 KB   0.0      0.0     0.0      0.0       0.0      0.0       0.0   0.0      0.0      0.0      0.00              0.00         0    0.000       0      0

** Compaction Stats [CES] **
Priority    Files   Size     Score Read(GB)  Rn(GB) Rnp1(GB) Write(GB) Wnew(GB) Moved(GB) W-Amp Rd(MB/s) Wr(MB/s) Comp(sec) CompMergeCPU(sec) Comp(cnt) Avg(sec) KeyIn KeyDrop
